131862405.0000 -0.621471770 -0.783436158 0.000790821 0.783435463 -0.621472272 -0.001044015 0.001309392 -0.000029268 0.999999142
131862405.2500 -0.621457488 -0.783447488 0.000790802 0.783446793 -0.621457989 -0.001044029 0.001309392 -0.000029268 0.999999142
131862405.5000 -0.621443204 -0.783458818 0.000790783 0.783458123 -0.621443706 -0.001044044 0.001309392 -0.000029268 0.999999142
131862405.7500 -0.621428921 -0.783470147 0.000790764 0.783469452 -0.621429423 -0.001044058 0.001309392 -0.000029268 0.999999142
131862406.0000 -0.621414640 -0.783481474 0.000790745 0.783480779 -0.621415142 -0.001044072 0.001309392 -0.000029268 0.999999142
131862406.2500 -0.621400356 -0.783492803 0.000790726 0.783492108 -0.621400858 -0.001044087 0.001309392 -0.000029268 0.999999142
131862406.5000 -0.621386072 -0.783504132 0.000790707 0.783503437 -0.621386574 -0.001044101 0.001309392 -0.000029268 0.999999142
131862406.7500 -0.621371788 -0.783515460 0.000790688 0.783514765 -0.621372290 -0.001044116 0.001309392 -0.000029268 0.999999142
131862407.0000 -0.621357504 -0.783526788 0.000790669 0.783526093 -0.621358006 -0.001044130 0.001309392 -0.000029268 0.999999142
131862407.2500 -0.621343221 -0.783538114 0.000790650 0.783537419 -0.621343724 -0.001044144 0.001309392 -0.000029268 0.999999142